1,101,Standard,70000
1,102,Standard,70000
1,103,Standard,70000
1,104,Standard,70000
1,105,Standard,70000
2,201,Standard,70000
2,202,Standard,70000
2,203,Standard,70000
2,204,Standard,70000
2,205,Standard,70000
3,301,Standard,70000
3,302,Standard,70000
3,303,Standard,70000
3,304,Standard,70000
3,305,Standard,70000
4,401,Standard,75000
4,402,Standard,75000
4,403,Standard,75000
4,404,Standard,75000
4,405,Standard,75000
5,501,Standard,75000
5,502,Standard,75000
5,503,Standard,75000
5,504,Standard,75000
5,505,Standard,75000
6,601,Standard,75000
6,602,Standard,75000
6,603,Standard,75000
6,604,Standard,75000
6,605,Standard,75000
7,701,Standard,80000
7,702,Standard,80000
7,703,Standard,80000
7,704,Standard,80000
7,705,Standard,80000
8,801,Standard,80000
8,802,Standard,80000
8,803,Standard,80000
8,804,Standard,80000
8,805,Standard,80000
9,901,Standard,80000
9,902,Standard,80000
9,903,Standard,80000
9,904,Standard,80000
9,905,Standard,80000
10,1001,Standard,80000
10,1002,Standard,80000
10,1003,Standard,80000
10,1004,Standard,80000
10,1005,Standard,80000
11,1101,Deluxe,100000
11,1102,Deluxe,100000
11,1103,Deluxe,100000
11,1104,Deluxe,100000
11,1105,Deluxe,100000
12,1201,Deluxe,100000
12,1202,Deluxe,100000
12,1203,Deluxe,100000
12,1204,Deluxe,100000
12,1205,Deluxe,100000
13,1301,Deluxe,110000
13,1302,Deluxe,110000
13,1303,Deluxe,110000
13,1304,Deluxe,110000
13,1305,Deluxe,110000
14,1401,Deluxe,110000
14,1402,Deluxe,110000
14,1403,Deluxe,110000
14,1404,Deluxe,110000
14,1405,Deluxe,110000
15,1501,Deluxe,120000
15,1502,Deluxe,120000
15,1503,Deluxe,120000
15,1504,Deluxe,120000
15,1505,Deluxe,120000
16,1601,Premium,150000
16,1602,Premium,150000
16,1603,Premium,150000
16,1604,Premium,150000
16,1605,Premium,150000
17,1701,Premium,150000
17,1702,Premium,150000
17,1703,Premium,150000
17,1704,Premium,150000
17,1705,Premium,150000
18,1801,Premium,170000
18,1802,Premium,170000
18,1803,Premium,170000
18,1804,Premium,170000
18,1805,Premium,170000
19,1901,Premium,170000
19,1902,Premium,170000
19,1903,Premium,170000
19,1904,Premium,170000
19,1905,Premium,170000
20,2001,Premium,200000
20,2002,Premium,200000
20,2003,Premium,200000
20,2004,Premium,200000
20,2005,Premium,200000